%YAML:1.0
n_features: 2
key0: [ 6.8459808349609375e+01, 4.7644420623779297e+01,
    5.7081937789916992e+00, 4.8914790153503418e+00,
    1.8850767519325018e-03, 0, 1, 1.5496655273437500e+02,
    5.7383064270019531e+01, 5.7081937789916992e+00,
    4.8951573371887207e+00, 2.5338968262076378e-03, 0, 1,
    9.2960731506347656e+01, 9.9160789489746094e+01,
    5.7081937789916992e+00, 3.7821147441864014e+00,
    2.1458019036799669e-03, 0, 1, 9.7341606140136719e+01,
    1.0586224365234375e+02, 5.7081937789916992e+00,
    9.9925690889358521e-01, 2.1095769479870796e-03, 0, 1,
    1.1316352844238281e+02, 1.4449162292480469e+02,
    4.8000001907348633e+00, 4.6941151618957520e+00,
    1.4375422615557909e-03, 0, 0, 1.2360690307617187e+02,
    1.4461544799804687e+02, 4.8000001907348633e+00,
    4.8659396171569824e+00, 1.4808754203841090e-03, 0, 0,
    1.0507127380371094e+02, 1.4560876464843750e+02,
    4.8000001907348633e+00, 4.7365102767944336e+00,
    2.4473739322274923e-03, 0, 0, 1.0900855255126953e+02,
    1.4910565185546875e+02, 4.8000001907348633e+00,
    3.4750835895538330e+00, 1.8883560551330447e-03, 0, 0,
    1.1984374237060547e+02, 1.4921723937988281e+02,
    4.8000001907348633e+00, 1.5407232046127319e+00,
    1.4701911713927984e-03, 0, 0, 1.3791972351074219e+02,
    1.4994458007812500e+02, 4.8000001907348633e+00,
    5.6985950469970703e+00, 4.1989153251051903e-03, 0, 0,
    9.9468231201171875e+01, 1.5409144592285156e+02,
    4.8000001907348633e+00, 1.5885717868804932e+00,
    3.2589351758360863e-03, 0, 0, 1.1327217864990234e+02,
    1.5288748168945312e+02, 5.7081937789916992e+00,
    1.4279364347457886e+00, 1.7850198782980442e-03, 0, 1,
    1.3364649963378906e+02, 1.5423771667480469e+02,
    4.8000001907348633e+00, 1.6259194612503052e+00,
    2.0315765868872404e-03, 0, 0, 1.4227038574218750e+02,
    1.5418251037597656e+02, 4.8000001907348633e+00,
    1.1901048421859741e+00, 1.2131209950894117e-03, 0, 0,
    6.5971954345703125e+01, 1.6977113342285156e+02,
    5.7081937789916992e+00, 2.9829902574419975e-02,
    1.3716312823817134e-03, 0, 1, 8.4340141296386719e+01,
    7.6993217468261719e+01, 5.7081937789916992e+00,
    3.6525687575340271e-01, 1.3047154061496258e-03, 0, 1,
    9.2600044250488281e+01, 7.7992874145507813e+01,
    5.7081937789916992e+00, 2.6496222019195557e+00,
    1.2278489302843809e-03, 0, 1, 8.0575668334960937e+01,
    1.0617934417724609e+02, 5.7081937789916992e+00,
    1.8705506324768066e+00, 1.5038977144286036e-03, 0, 1,
    1.0390486145019531e+02, 1.4547241210937500e+02,
    6.7882251739501953e+00, 4.7189288139343262e+00,
    1.3048691907897592e-03, 0, 2, 1.2425868225097656e+02,
    1.4476118469238281e+02, 6.7882251739501953e+00,
    4.8667540550231934e+00, 1.0879953624680638e-03, 0, 2,
    1.1393542480468750e+02, 1.4568093872070312e+02,
    6.7882251739501953e+00, 4.7400755882263184e+00,
    1.0687001049518585e-03, 0, 2, 1.3749356079101563e+02,
    1.4977604675292969e+02, 6.7882251739501953e+00,
    1.5612514019012451e+00, 1.0937663028016686e-03, 0, 2,
    1.0030519866943359e+02, 1.5412857055664062e+02,
    6.7882251739501953e+00, 1.5878530740737915e+00,
    3.0746445991098881e-03, 0, 2, 1.4229682922363281e+02,
    1.5380003356933594e+02, 6.7882251739501953e+00,
    1.3081133365631104e+00, 1.1136488756164908e-03, 0, 2,
    1.3331098937988281e+02, 1.5464196777343750e+02,
    6.7882251739501953e+00, 1.4981329441070557e+00,
    1.1287621455267072e-03, 0, 2, 1.5384976196289062e+02,
    5.8572010040283203e+01, 8.0726060867309570e+00,
    6.1618795394897461e+00, 3.4497687593102455e-03, 0, 3,
    8.4949798583984375e+01, 7.8713958740234375e+01,
    8.0726060867309570e+00, 6.2102962285280228e-02,
    2.0000000949949026e-03, 0, 3, 9.0994392395019531e+01,
    7.9016983032226562e+01, 8.0726060867309570e+00,
    6.2014241218566895e+00, 1.8807221204042435e-03, 0, 3,
    1.0332014465332031e+02, 8.1829956054687500e+01,
    8.0726060867309570e+00, 6.1247963905334473e+00,
    1.2364566791802645e-03, 0, 3, 7.1277328491210938e+01,
    8.4662002563476562e+01, 8.0726060867309570e+00,
    3.1412076950073242e+00, 1.4750182162970304e-03, 0, 3,
    8.6369010925292969e+01, 9.8314918518066406e+01,
    8.0726060867309570e+00, 5.9199738502502441e+00,
    2.7986278291791677e-03, 0, 3, 9.1578773498535156e+01,
    9.7977943420410156e+01, 8.0726060867309570e+00,
    1.5845772624015808e-01, 3.2568706665188074e-03, 0, 3,
    7.5103004455566406e+01, 1.0107747650146484e+02,
    8.0726060867309570e+00, 2.9162983894348145e+00,
    1.7919588135555387e-03, 0, 3, 1.0178968811035156e+02,
    1.0107563781738281e+02, 8.0726060867309570e+00,
    3.6653238534927368e-01, 2.6975688524544239e-03, 0, 3,
    8.0307876586914062e+01, 1.0611405944824219e+02,
    8.0726060867309570e+00, 1.8491897583007812e+00,
    2.0605847239494324e-03, 0, 3, 9.7375282287597656e+01,
    1.0581227874755859e+02, 8.0726060867309570e+00,
    9.4165331125259399e-01, 2.8519185725599527e-03, 0, 3,
    1.1330255889892578e+02, 1.5046437072753906e+02,
    8.0726060867309570e+00, 1.4528123140335083e+00,
    1.3556587509810925e-03, 0, 3, 1.2866639709472656e+02,
    1.4954908752441406e+02, 8.0726060867309570e+00,
    1.4915319681167603e+00, 1.8526533385738730e-03, 0, 3,
    6.7474205017089844e+01, 1.6852891540527344e+02,
    8.0726060867309570e+00, 4.1322059929370880e-02,
    1.3798992149531841e-03, 0, 3, 1.0341460418701172e+02,
    1.5051649475097656e+02, 1.1416387557983398e+01,
    1.4445281028747559e+00, 1.3123996322974563e-03, 1, 5,
    8.7960014343261719e+01, 9.2949203491210937e+01,
    1.1416387557983398e+01, 3.0846059322357178e+00,
    4.6250261366367340e-03, 1, 5, 1.0003832244873047e+02,
    1.0175501251220703e+02, 1.1416387557983398e+01,
    2.3715552687644958e-01, 2.8623682446777821e-03, 1, 5,
    1.3261323547363281e+02, 1.5067526245117187e+02,
    1.1416387557983398e+01, 1.4121623039245605e+00,
    1.5969595406204462e-03, 1, 5 ]
