%YAML:1.0
descriptors:
   - !!opencv-matrix
      rows: 43
      cols: 61
      dt: u
      data: [ 75, 169, 152, 76, 18, 114, 195, 46, 192, 184, 0, 147, 207,
          115, 228, 31, 35, 230, 158, 25, 49, 17, 131, 136, 255, 196,
          204, 32, 24, 119, 128, 188, 115, 239, 6, 0, 222, 249, 238, 0,
          0, 0, 56, 239, 17, 56, 107, 222, 155, 127, 243, 49, 142, 241,
          230, 141, 207, 199, 49, 255, 15, 128, 6, 6, 0, 254, 0, 31, 193,
          190, 7, 63, 0, 0, 248, 255, 65, 6, 128, 1, 48, 0, 255, 31, 0,
          0, 0, 252, 207, 0, 240, 79, 102, 134, 25, 184, 255, 187, 143,
          1, 6, 254, 239, 4, 128, 63, 64, 0, 0, 0, 184, 248, 139, 91, 92,
          0, 226, 99, 248, 255, 31, 32, 191, 22, 114, 251, 255, 77, 222,
          201, 36, 33, 126, 92, 0, 10, 81, 24, 254, 221, 127, 255, 239,
          255, 190, 247, 212, 169, 191, 223, 129, 46, 7, 165, 70, 169,
          41, 53, 82, 147, 26, 64, 220, 254, 67, 90, 178, 161, 92, 168,
          31, 226, 66, 191, 244, 33, 0, 0, 0, 133, 160, 76, 30, 161, 22,
          32, 20, 132, 9, 120, 1, 224, 7, 254, 137, 199, 129, 239, 167,
          12, 32, 7, 96, 0, 14, 112, 7, 0, 0, 0, 156, 7, 0, 191, 0, 160,
          255, 7, 0, 255, 15, 128, 246, 1, 252, 247, 129, 79, 10, 45, 79,
          203, 251, 249, 0, 240, 252, 0, 0, 228, 163, 252, 127, 10, 0,
          18, 112, 120, 62, 0, 128, 193, 63, 0, 15, 15, 4, 0, 238, 31,
          254, 134, 255, 247, 255, 255, 127, 0, 1, 2, 0, 32, 8, 115, 0,
          51, 192, 189, 191, 247, 25, 0, 0, 3, 222, 7, 0, 106, 240, 254,
          1, 32, 0, 0, 0, 0, 112, 248, 1, 2, 0, 224, 121, 255, 3, 192, 3,
          32, 120, 190, 0, 192, 255, 127, 7, 240, 15, 0, 0, 238, 55, 30,
          128, 255, 243, 255, 255, 63, 128, 0, 0, 0, 124, 14, 16, 192,
          255, 255, 255, 87, 227, 181, 46, 129, 255, 1, 252, 7, 128, 239,
          119, 0, 0, 0, 64, 0, 4, 112, 248, 129, 1, 0, 224, 253, 255, 63,
          10, 22, 244, 113, 254, 19, 0, 131, 247, 15, 0, 15, 0, 0, 254,
          31, 254, 143, 255, 243, 255, 255, 255, 159, 0, 0, 0, 124, 2,
          16, 64, 238, 23, 19, 112, 191, 247, 191, 87, 0, 8, 252, 31,
          129, 8, 245, 59, 30, 0, 192, 0, 12, 224, 240, 227, 3, 0, 192,
          121, 255, 31, 7, 134, 255, 19, 244, 14, 95, 1, 224, 7, 90, 22,
          0, 78, 0, 244, 255, 255, 255, 7, 2, 102, 254, 255, 12, 8, 252,
          255, 1, 240, 223, 4, 32, 1, 32, 0, 255, 159, 5, 0, 236, 239, 7,
          128, 15, 101, 68, 0, 1, 248, 159, 183, 25, 1, 0, 108, 126, 22,
          128, 9, 60, 37, 13, 126, 62, 142, 17, 184, 243, 121, 0, 240,
          29, 8, 2, 16, 216, 255, 225, 127, 248, 15, 255, 240, 135, 31,
          62, 56, 28, 6, 0, 191, 183, 251, 237, 191, 221, 210, 148, 102,
          26, 246, 55, 27, 126, 0, 30, 30, 156, 7, 247, 224, 15, 127, 0,
          0, 0, 0, 224, 255, 255, 39, 8, 118, 0, 16, 190, 0, 3, 192, 255,
          7, 126, 206, 3, 0, 255, 53, 4, 0, 1, 112, 55, 127, 63, 0, 0, 0,
          220, 12, 0, 240, 0, 2, 224, 253, 183, 146, 251, 15, 0, 36, 254,
          75, 180, 129, 223, 248, 57, 31, 0, 72, 161, 4, 240, 254, 243,
          1, 164, 67, 254, 239, 39, 160, 6, 62, 24, 134, 0, 184, 253,
          190, 7, 239, 3, 0, 136, 31, 192, 255, 241, 127, 252, 15, 39, 0,
          0, 0, 8, 24, 28, 0, 0, 127, 119, 31, 88, 190, 251, 177, 143,
          101, 247, 255, 239, 7, 128, 207, 31, 0, 0, 0, 112, 0, 143, 48,
          0, 0, 0, 0, 252, 255, 1, 0, 33, 2, 126, 60, 134, 0, 248, 131,
          96, 0, 240, 15, 0, 0, 113, 192, 255, 225, 127, 232, 4, 6, 240,
          135, 0, 0, 16, 8, 6, 0, 129, 167, 224, 41, 48, 1, 19, 0, 0, 2,
          20, 252, 3, 114, 240, 55, 30, 192, 7, 248, 0, 15, 48, 128, 0,
          0, 0, 240, 255, 31, 0, 37, 22, 108, 52, 140, 17, 56, 133, 227,
          6, 129, 15, 4, 0, 226, 199, 221, 113, 119, 232, 14, 206, 112,
          231, 1, 0, 0, 252, 135, 0, 255, 110, 157, 83, 112, 203, 183,
          30, 1, 0, 40, 236, 23, 128, 15, 223, 63, 126, 3, 104, 0, 4,
          112, 128, 0, 0, 0, 0, 252, 255, 32, 33, 50, 108, 4, 128, 3,
          192, 27, 65, 40, 112, 156, 5, 0, 226, 135, 25, 96, 39, 200, 0,
          0, 112, 134, 1, 2, 0, 220, 22, 0, 195, 109, 103, 19, 33, 0, 38,
          176, 31, 0, 0, 252, 119, 128, 35, 129, 37, 231, 203, 9, 0, 0,
          176, 28, 96, 228, 236, 99, 188, 63, 0, 192, 224, 1, 4, 0, 34,
          195, 237, 146, 148, 11, 247, 251, 127, 238, 39, 0, 64, 0, 8, 0,
          0, 0, 0, 0, 2, 0, 4, 0, 115, 128, 123, 247, 223, 5, 0, 128,
          192, 221, 119, 239, 34, 118, 197, 15, 53, 0, 0, 0, 0, 2, 240,
          159, 127, 254, 253, 255, 39, 128, 25, 56, 63, 6, 244, 251, 255,
          29, 56, 129, 232, 7, 164, 4, 0, 26, 49, 96, 254, 159, 255, 247,
          255, 255, 255, 253, 149, 1, 40, 247, 229, 143, 62, 2, 129, 123,
          115, 127, 247, 7, 0, 16, 164, 252, 83, 180, 6, 67, 16, 0, 4,
          160, 0, 255, 255, 0, 1, 2, 0, 0, 8, 213, 24, 31, 22, 244, 251,
          254, 102, 75, 139, 228, 7, 50, 92, 44, 0, 16, 192, 254, 63,
          255, 99, 125, 255, 255, 63, 234, 212, 245, 65, 62, 119, 67,
          166, 130, 168, 48, 53, 255, 15, 8, 42, 220, 222, 42, 90, 177,
          160, 191, 229, 111, 249, 45, 1, 0, 0, 0, 128, 128, 80, 158, 34,
          33, 33, 70, 35, 20, 132, 8, 127, 161, 240, 135, 120, 3, 66,
          241, 255, 247, 207, 32, 3, 96, 0, 70, 48, 130, 0, 0, 220, 239,
          3, 240, 31, 2, 160, 251, 23, 128, 255, 15, 128, 254, 1, 254, 7,
          193, 187, 53, 12, 240, 203, 103, 184, 150, 191, 124, 0, 1, 230,
          115, 255, 143, 52, 30, 18, 240, 249, 255, 3, 192, 251, 81, 140,
          240, 15, 0, 0, 240, 55, 254, 143, 255, 247, 255, 255, 255, 139,
          32, 0, 68, 32, 8, 49, 192, 247, 255, 253, 191, 170, 42, 88, 85,
          0, 254, 11, 84, 129, 142, 55, 24, 0, 6, 192, 0, 12, 240, 129,
          1, 2, 0, 0, 0, 255, 60, 24, 6, 50, 248, 255, 0, 7, 243, 125, 6,
          252, 7, 0, 128, 255, 63, 238, 134, 255, 247, 255, 255, 15, 0,
          0, 0, 220, 3, 10, 240, 128, 231, 254, 187, 31, 247, 33, 12, 0,
          238, 221, 255, 207, 1, 254, 63, 12, 0, 3, 96, 0, 14, 112, 128,
          0, 0, 0, 240, 253, 143, 60, 26, 22, 240, 251, 255, 0, 128, 251,
          125, 4, 248, 7, 0, 0, 254, 63, 254, 159, 255, 247, 255, 255,
          255, 11, 0, 0, 92, 44, 8, 49, 192, 231, 254, 185, 63, 199, 115,
          8, 0, 0, 220, 255, 3, 0, 240, 62, 24, 0, 7, 224, 0, 14, 240,
          128, 1, 0, 0, 0, 248, 255, 63, 37, 28, 108, 52, 140, 17, 56,
          66, 81, 248, 192, 47, 20, 128, 3, 193, 153, 97, 102, 200, 12,
          204, 112, 134, 25, 50, 32, 28, 134, 0, 62, 64, 96, 115, 110,
          142, 102, 48, 103, 4, 8, 248, 255, 1, 0, 63, 24, 32, 6, 192, 0,
          12, 240, 153, 3, 0, 0, 0, 152, 255, 1, 161, 6, 126, 60, 132, 0,
          184, 116, 26, 240, 143, 3, 0, 136, 23, 192, 223, 225, 119, 248,
          8, 3, 16, 0, 0, 0, 32, 28, 134, 0, 255, 117, 93, 16, 8, 202,
          32, 208, 125, 148, 255, 43, 215, 129, 143, 191, 31, 225, 71,
          112, 8, 143, 16, 0, 0, 0, 32, 248, 190, 0, 0, 33, 16, 108, 52,
          128, 17, 0, 194, 65, 8, 112, 14, 4, 0, 224, 135, 25, 96, 6,
          200, 0, 12, 96, 130, 9, 2, 0, 24, 6, 0, 0, 14, 224, 155, 120,
          19, 55, 49, 128, 0, 0, 124, 2, 8, 145, 240, 9, 96, 2, 72, 0, 4,
          176, 217, 6, 1, 204, 3, 192, 255, 52, 97, 16, 108, 52, 140, 17,
          240, 191, 227, 0, 128, 159, 4, 0, 224, 135, 29, 97, 71, 200, 8,
          12, 112, 135, 17, 2, 0, 28, 134, 0, 224, 253, 127, 87, 232, 10,
          170, 240, 127, 0, 42, 8, 148, 129, 15, 190, 61, 96, 15, 232, 1,
          30, 240, 128, 1, 0, 0, 0, 120, 255, 48, 1, 22, 252, 1, 132, 1,
          64, 10, 96, 175, 112, 10, 135, 97, 236, 255, 255, 103, 38, 64,
          0, 12, 240, 143, 9, 0, 0, 12, 2, 16, 64, 231, 31, 0, 248, 255,
          51, 159, 73, 0, 252, 255, 7, 128, 255, 176, 24, 240, 15, 198,
          128, 13, 108, 224, 131, 3, 2, 128, 249, 255, 63, 165, 242, 97,
          177, 236, 13, 216, 255, 45, 1, 114, 244, 115, 254, 51, 1, 92,
          97, 119, 235, 110, 238, 118, 247, 20, 0, 40, 252, 133, 0, 199,
